fp
709.8
