fcp
1628.7
