fp
2767.6
