fp
4479.1
