fcp
2994.4
