Loading_time,Start,End
703,1619939865146,1619939865849
