Loading_time,Start,End
2574,1620296103942,1620296106516
